          E(MeV)dE/dx(MeV-cm2/g)
                             LAA             LMD            LMDL            UEG
          proton
           total
      1.0000E-03      2.9892E+01      5.0021E+00      3.0776E+01      3.1385E+01
      1.2589E-03      3.3540E+01      5.6447E+00      3.4536E+01      3.5218E+01
      1.5849E-03      3.7632E+01      6.3790E+00      3.8756E+01      3.9522E+01
      1.9953E-03      4.2224E+01      7.2217E+00      4.3494E+01      4.4353E+01
      2.5119E-03      4.7376E+01      8.1937E+00      4.8813E+01      4.9777E+01
      3.1623E-03      5.3157E+01      9.3219E+00      5.4787E+01      5.5867E+01
      3.9811E-03      5.9643E+01      1.0641E+01      6.1496E+01      6.2708E+01
      5.0119E-03      6.6921E+01      1.2195E+01      6.9034E+01      7.0394E+01
      6.3096E-03      7.5086E+01      1.4045E+01      7.7507E+01      7.9032E+01
      7.9433E-03      8.4248E+01      1.6270E+01      8.7034E+01      8.8743E+01
      1.0000E-02      9.4528E+01      1.8977E+01      9.7752E+01      9.9668E+01
      1.2589E-02      1.0606E+02      2.2313E+01      1.0982E+02      1.1197E+02
      1.5849E-02      1.1900E+02      2.6476E+01      1.2342E+02      1.2582E+02
      1.9953E-02      1.3352E+02      3.1742E+01      1.3876E+02      1.4145E+02
      2.5119E-02      1.4982E+02      3.8489E+01      1.5608E+02      1.5910E+02
      3.1623E-02      1.6810E+02      4.7246E+01      1.7569E+02      1.7907E+02
      3.9811E-02      1.8861E+02      5.8746E+01      1.9793E+02      2.0170E+02
      5.0119E-02      2.1162E+02      7.4016E+01      2.2323E+02      2.2744E+02
      6.3096E-02      2.3744E+02      9.4491E+01      2.5211E+02      2.5679E+02
      7.9433E-02      2.6642E+02      1.2218E+02      2.8521E+02      2.9042E+02
      1.0000E-01      2.9892E+02      1.5993E+02      3.2340E+02      3.2916E+02
      1.2589E-01      3.3540E+02      2.1169E+02      3.6775E+02      3.7410E+02
      1.5849E-01      3.7632E+02      2.8308E+02      4.1975E+02      4.2668E+02
      1.9953E-01      4.2224E+02      3.8197E+02      4.8145E+02      4.8893E+02
      2.5119E-01      4.7376E+02      5.1948E+02      5.5579E+02      5.6368E+02
      3.1623E-01      5.3157E+02      6.6717E+02      6.3154E+02      6.5515E+02
      3.9811E-01      5.9643E+02      6.5785E+02      6.2894E+02      6.6220E+02
      5.0119E-01      5.8985E+02      6.1209E+02      5.9182E+02      6.1917E+02
      6.3096E-01      5.4105E+02      5.5221E+02      5.3860E+02      5.6037E+02
      7.9433E-01      4.8234E+02      4.8828E+02      4.7933E+02      4.9640E+02
      1.0000E+00      4.2243E+02      4.2567E+02      4.1986E+02      4.3319E+02
      1.2589E+00      3.6542E+02      3.6720E+02      3.6346E+02      3.7388E+02
      1.5849E+00      3.1322E+02      3.1421E+02      3.1182E+02      3.1999E+02
      1.9953E+00      2.6659E+02      2.6714E+02      2.6561E+02      2.7205E+02
      2.5119E+00      2.2562E+02      2.2593E+02      2.2496E+02      2.3006E+02
      3.1623E+00      1.9007E+02      1.9024E+02      1.8962E+02      1.9368E+02
      3.9811E+00      1.5950E+02      1.5959E+02      1.5920E+02      1.6244E+02
      5.0119E+00      1.3340E+02      1.3346E+02      1.3321E+02      1.3581E+02
      6.3096E+00      1.1126E+02      1.1129E+02      1.1114E+02      1.1322E+02
      7.9433E+00      9.2562E+01      9.2579E+01      9.2481E+01      9.4160E+01
      1.0000E+01      7.6834E+01      7.6844E+01      7.6782E+01      7.8137E+01
      1.2589E+01      6.3652E+01      6.3658E+01      6.3619E+01      6.4712E+01
      1.5849E+01      5.2637E+01      5.2640E+01      5.2616E+01      5.3500E+01
      1.9953E+01      4.3457E+01      4.3459E+01      4.3444E+01      4.4158E+01
      2.5119E+01      3.5825E+01      3.5826E+01      3.5816E+01      3.6394E+01
      3.1623E+01      2.9493E+01      2.9493E+01      2.9487E+01      2.9955E+01
      3.9811E+01      2.4249E+01      2.4249E+01      2.4245E+01      2.4624E+01
      5.0119E+01      1.9914E+01      1.9914E+01      1.9912E+01      2.0218E+01
      6.3096E+01      1.6336E+01      1.6336E+01      1.6335E+01      1.6583E+01
      7.9433E+01      1.3388E+01      1.3388E+01      1.3387E+01      1.3587E+01
      1.0000E+02      1.0961E+01      1.0961E+01      1.0960E+01      1.1122E+01
      1.2589E+02      8.9656E+00      8.9656E+00      8.9652E+00      9.0964E+00
      1.5849E+02      7.3276E+00      7.3276E+00      7.3273E+00      7.4334E+00
      1.9953E+02      5.9840E+00      5.9840E+00      5.9839E+00      6.0696E+00
      2.5119E+02      4.8832E+00      4.8832E+00      4.8831E+00      4.9524E+00
      3.1623E+02      3.9820E+00      3.9820E+00      3.9819E+00      4.0379E+00
      3.9811E+02      3.2449E+00      3.2449E+00      3.2449E+00      3.2901E+00
      5.0119E+02      2.6426E+00      2.6426E+00      2.6426E+00      2.6791E+00
      6.3096E+02      2.1508E+00      2.1508E+00      2.1508E+00      2.1803E+00
      7.9433E+02      1.7495E+00      1.7495E+00      1.7495E+00      1.7733E+00
      1.0000E+03      1.4223E+00      1.4223E+00      1.4223E+00      1.4415E+00
