# run time = 19705.912947893143 s
# Te = 10 [eV]
# ne = 6.000000e+23 [1/cc]
# mu = 0.783 [au]
# v[a.u.]    stopping number[a.u.]
1.000000000000000021e-03 -1.753439632527344895e-15
1.222020202020202145e-01 6.578980516552438355e-07
2.434040404040404282e-01 6.029367214017420019e-05
3.646060606060606557e-01 8.101342118461472928e-04
4.858080808080808555e-01 4.793992626931743023e-03
6.070101010101011108e-01 1.786071103121061182e-02
7.282121212121213105e-01 4.884608604494337925e-02
8.494141414141415103e-01 1.065609861631583721e-01
9.706161616161617101e-01 1.964094635082835327e-01
1.091818181818181799e+00 3.200730166256099962e-01
1.213020202020202110e+00 4.772838593775626248e-01
1.334222222222222198e+00 6.672691330906739271e-01
1.455424242424242509e+00 8.887672884309140153e-01
1.576626262626262598e+00 1.141462986273495295e+00
1.697828282828282909e+00 1.418248180798165947e+00
1.819030303030302997e+00 1.717844468236012112e+00
1.940232323232323308e+00 2.031240078101051338e+00
2.061434343434343397e+00 2.345064193283176390e+00
2.182636363636363708e+00 2.650719580881357729e+00
2.303838383838384019e+00 2.936590141543305776e+00
2.425040404040404329e+00 3.200709014046164924e+00
2.546242424242424196e+00 3.444060603307241841e+00
2.667444444444444507e+00 3.666581887773783688e+00
2.788646464646464818e+00 3.874513224030088576e+00
2.909848484848485128e+00 4.064781985822764732e+00
3.031050505050505439e+00 4.242659516000957254e+00
3.152252525252525306e+00 4.411777787333758027e+00
3.273454545454545617e+00 4.562940059148832717e+00
3.394656565656565927e+00 4.710584911071854286e+00
3.515858585858586238e+00 4.851570167719880367e+00
3.637060606060606105e+00 4.987249293547845852e+00
3.758262626262626416e+00 5.114940919381964157e+00
3.879464646464646727e+00 5.237666812123038973e+00
4.000666666666667481e+00 5.356593357977646797e+00
4.121868686868687348e+00 5.470662604411972829e+00
4.243070707070708103e+00 5.580824827916221587e+00
4.364272727272727970e+00 5.687197959230892330e+00
4.485474747474747836e+00 5.789782909721455262e+00
4.606676767676768591e+00 5.889110197849312556e+00
4.727878787878788458e+00 5.988014916477053973e+00
4.849080808080809213e+00 6.078518417643223870e+00
4.970282828282829080e+00 6.170255607197654868e+00
5.091484848484848946e+00 6.259620417473631626e+00
5.212686868686869701e+00 6.345259845052546588e+00
5.333888888888889568e+00 6.425539454717985599e+00
5.455090909090910323e+00 6.507147387141621664e+00
5.576292929292930189e+00 6.587187269852543992e+00
5.697494949494950056e+00 6.667044576770841502e+00
5.818696969696970811e+00 6.740888560841980848e+00
5.939898989898990678e+00 6.814239732132380212e+00
6.061101010101011433e+00 6.892636535712133750e+00
6.182303030303031299e+00 6.961978260560297116e+00
6.303505050505051166e+00 7.028783342936757883e+00
6.424707070707071921e+00 7.098215061056838415e+00
6.545909090909091788e+00 7.164051060295712148e+00
6.667111111111111654e+00 7.226127025209528654e+00
6.788313131313132409e+00 7.290446620904094566e+00
6.909515151515152276e+00 7.352664801676940698e+00
7.030717171717173031e+00 7.414006745222011752e+00
7.151919191919192897e+00 7.475928168913144489e+00
7.273121212121212764e+00 7.536024511651356228e+00
7.394323232323233519e+00 7.589959015564767597e+00
7.515525252525253386e+00 7.650375153543744311e+00
7.636727272727274141e+00 7.711182400433330919e+00
7.757929292929294007e+00 7.767673329641152868e+00
7.879131313131313874e+00 7.815265187199482710e+00
8.000333333333333741e+00 7.869294547238738780e+00
8.121535353535353607e+00 7.927754873179162942e+00
8.242737373737373474e+00 7.978280618601547580e+00
8.363939393939393341e+00 8.028315700884260053e+00
8.485141414141414984e+00 8.082938961751597873e+00
8.606343434343434851e+00 8.135759514369544476e+00
8.727545454545454717e+00 8.171379686104156548e+00
8.848747474747474584e+00 8.218422627545665549e+00
8.969949494949494451e+00 8.264396253775487367e+00
9.091151515151516094e+00 8.321264857169685669e+00
9.212353535353535960e+00 8.358603409879286517e+00
9.333555555555555827e+00 8.403958497820543272e+00
9.454757575757575694e+00 8.448487509172403875e+00
9.575959595959595561e+00 8.496726201462385220e+00
9.697161616161617204e+00 8.536978999673575430e+00
9.818363636363637070e+00 8.578386731337420912e+00
9.939565656565656937e+00 8.622922787884647278e+00
1.006076767676767680e+01 8.663120232146258815e+00
1.018196969696969667e+01 8.705881326327325809e+00
1.030317171717171831e+01 8.745923067427225917e+00
1.042437373737373818e+01 8.786958500218295498e+00
1.054557575757575805e+01 8.827171258814873411e+00
1.066677777777777791e+01 8.869728157689477754e+00
1.078797979797979778e+01 8.907916875377566157e+00
1.090918181818181942e+01 8.945284254108521793e+00
1.103038383838383929e+01 8.989260260242057043e+00
1.115158585858585916e+01 9.028870182868084626e+00
1.127278787878787902e+01 9.068703530406290625e+00
1.139398989898989889e+01 9.101633782488423918e+00
1.151519191919192053e+01 9.129922275038568458e+00
1.163639393939394040e+01 9.162674063775325450e+00
1.175759595959596027e+01 9.199225489804771172e+00
1.187879797979798013e+01 9.238896268132858580e+00
1.200000000000000000e+01 9.276452395210595725e+00
