# run time = 10278.377175092697 s
# Te = 10 [eV]
# ne = 6.000000e+23 [1/cc]
# mu = 0.783 [au]
# v[a.u.]    stopping number[a.u.]
0.000000000000000000e+00 0.000000000000000000e+00
1.000000000000000021e-03 0.000000000000000000e+00
2.458775510204081749e-01 5.474368230283758498e-03
4.907551020408163489e-01 4.313337654668714799e-02
7.356326530612244952e-01 1.429106690014812220e-01
9.805102040816326969e-01 3.317326534484137390e-01
1.225387755102040677e+00 6.310403029366644656e-01
1.470265306122448878e+00 1.055722623887678235e+00
1.715142857142857080e+00 1.609412436976215499e+00
1.960020408163265282e+00 2.265219823310252067e+00
2.204897959183673262e+00 2.934998028832297212e+00
2.449775510204081463e+00 3.513435689223892933e+00
2.694653061224489665e+00 3.982081461666907796e+00
2.939530612244897867e+00 4.370715753530593162e+00
3.184408163265306069e+00 4.709015813943619122e+00
3.429285714285714270e+00 5.001485979533163651e+00
3.674163265306122472e+00 5.263854872745291402e+00
3.919040816326530674e+00 5.512718371557039809e+00
4.163918367346939320e+00 5.627789948589041913e+00
4.408795918367347078e+00 5.734937018854737723e+00
4.653673469387755723e+00 5.927713441485567003e+00
4.898551020408163481e+00 6.108643103224409288e+00
5.143428571428572127e+00 6.285346862815723412e+00
5.388306122448979885e+00 6.439958270376230587e+00
5.633183673469388530e+00 6.585573730694788352e+00
5.878061224489796288e+00 6.735654408493712886e+00
6.122938775510204934e+00 6.878815686072800695e+00
6.367816326530612692e+00 7.016562382631995831e+00
6.612693877551021338e+00 7.083585508888085691e+00
6.857571428571429095e+00 7.211965834016719867e+00
7.102448979591837741e+00 7.335269919375543957e+00
7.347326530612245499e+00 7.454354985698442349e+00
7.592204081632654145e+00 7.563447920650801848e+00
7.837081632653061902e+00 7.674530948266882646e+00
8.081959183673468772e+00 7.728795864203142685e+00
8.326836734693877418e+00 7.827331355030573867e+00
8.571714285714286063e+00 7.878471032521173534e+00
8.816591836734692933e+00 7.978721353525268789e+00
9.061469387755101579e+00 8.066951073429347474e+00
9.306346938775510225e+00 8.113350145076569930e+00
9.551224489795918871e+00 8.198349289562452569e+00
9.796102040816325740e+00 8.242007176333707719e+00
1.004097959183673439e+01 8.285071542513922083e+00
1.028585714285714303e+01 8.326555680335015808e+00
1.053073469387755168e+01 8.367046531301697954e+00
1.077561224489795855e+01 8.406520648203393620e+00
1.102048979591836719e+01 8.480982008297052843e+00
1.126536734693877584e+01 8.553736302119121504e+00
1.151024489795918448e+01 8.590684714212251549e+00
1.175512244897959135e+01 8.627100385381874403e+00
1.200000000000000000e+01 8.698285053189806604e+00
