# run time = 3413.223352909088 s
# Te = 10 [eV]
# ne = 6.000000e+23 [1/cc]
# mu = 0.783 [au]
# v[a.u.]    stopping number[a.u.]
0.000000000000000000e+00 0.000000000000000000e+00
1.000000000000000021e-03 0.000000000000000000e+00
2.458775510204081749e-01 4.499094742892224656e-03
4.907551020408163489e-01 4.364020176608175011e-02
7.356326530612244952e-01 1.461754466882887182e-01
9.805102040816326969e-01 3.393901244009150941e-01
1.225387755102040677e+00 6.421552568943067474e-01
1.470265306122448878e+00 1.065196998366753744e+00
1.715142857142857080e+00 1.602716020562718446e+00
1.960020408163265282e+00 2.218929230268062991e+00
2.204897959183673262e+00 2.833872600132702591e+00
2.449775510204081463e+00 3.376031290327206946e+00
2.694653061224489665e+00 3.832235955734137889e+00
2.939530612244897867e+00 4.218294968262927824e+00
3.184408163265306069e+00 4.553991673447822741e+00
3.429285714285714270e+00 4.853130430009088059e+00
3.674163265306122472e+00 5.122998715236652956e+00
3.919040816326530674e+00 5.354525303923047375e+00
4.163918367346939320e+00 5.581435037825506207e+00
4.408795918367347078e+00 5.793868903078574384e+00
4.653673469387755723e+00 5.991649675224505422e+00
4.898551020408163481e+00 6.178361476015727938e+00
5.143428571428572127e+00 6.358460054700077357e+00
5.388306122448979885e+00 6.524659437319938249e+00
5.633183673469388530e+00 6.682641275647528190e+00
5.878061224489796288e+00 6.833416968454287144e+00
6.122938775510204934e+00 6.976886271774922932e+00
6.367816326530612692e+00 7.115452619411213320e+00
6.612693877551021338e+00 7.248185066173394198e+00
6.857571428571429095e+00 7.375401194216421707e+00
7.102448979591837741e+00 7.497205290243518228e+00
7.347326530612245499e+00 7.615000670388701209e+00
7.592204081632654145e+00 7.726957683168011570e+00
7.837081632653061902e+00 7.790671027779008995e+00
8.081959183673468772e+00 7.897245622515817409e+00
8.326836734693877418e+00 7.999804124324266574e+00
8.571714285714286063e+00 8.097526568171117489e+00
8.816591836734692933e+00 8.194750815131380151e+00
9.061469387755101579e+00 8.288433517409524498e+00
9.306346938775510225e+00 8.381878637499378115e+00
9.551224489795918871e+00 8.430915260089662411e+00
9.796102040816325740e+00 8.474538762571322437e+00
1.004097959183673439e+01 8.516738929125091673e+00
1.028585714285714303e+01 8.602754955717717422e+00
1.053073469387755168e+01 8.643267346550443264e+00
1.077561224489795855e+01 8.721206596397840016e+00
1.102048979591836719e+01 8.797599179492763710e+00
1.126536734693877584e+01 8.835298300735502153e+00
1.151024489795918448e+01 8.907644580109545629e+00
1.175512244897959135e+01 8.943197110689123264e+00
1.200000000000000000e+01 8.978032912938981980e+00
