# run time = 3603.251077890396 s
# Te = 10 [eV]
# ne = 6.000000e+23 [1/cc]
# mu = 0.783 [au]
# v[a.u.]    stopping number[a.u.]
0.000000000000000000e+00 0.000000000000000000e+00
1.000000000000000021e-03 0.000000000000000000e+00
2.458775510204081749e-01 5.729116581966149126e-03
4.907551020408163489e-01 4.489623573561601216e-02
7.356326530612244952e-01 1.474326510595862783e-01
9.805102040816326969e-01 3.405227201709021267e-01
1.225387755102040677e+00 6.432834049391905618e-01
1.470265306122448878e+00 1.066190039511913934e+00
1.715142857142857080e+00 1.603704644212434527e+00
1.960020408163265282e+00 2.219019518868436514e+00
2.204897959183673262e+00 2.833881513918707018e+00
2.449775510204081463e+00 3.375818204290293778e+00
2.694653061224489665e+00 3.832020281449279420e+00
2.939530612244897867e+00 4.217696962002386307e+00
3.184408163265306069e+00 4.553392127674005252e+00
3.429285714285714270e+00 4.851282584533532116e+00
3.674163265306122472e+00 5.121377355245380514e+00
3.919040816326530674e+00 5.354905980009072586e+00
4.163918367346939320e+00 5.581789174801312647e+00
4.408795918367347078e+00 5.794220172351010945e+00
4.653673469387755723e+00 5.991980597720295343e+00
4.898551020408163481e+00 6.178690876210372274e+00
5.143428571428572127e+00 6.358787979192886297e+00
5.388306122448979885e+00 6.525091536751353338e+00
5.633183673469388530e+00 6.683072676376002441e+00
5.878061224489796288e+00 6.833847386223538933e+00
6.122938775510204934e+00 6.977315778218863507e+00
6.367816326530612692e+00 7.115876629234412221e+00
6.612693877551021338e+00 7.248604285913928358e+00
6.857571428571429095e+00 7.375819674471541632e+00
7.102448979591837741e+00 7.497621601044144768e+00
7.347326530612245499e+00 7.615416051663263630e+00
7.592204081632654145e+00 7.727348661959366538e+00
7.837081632653061902e+00 7.845613657323930568e+00
8.081959183673468772e+00 7.953135510663693175e+00
8.326836734693877418e+00 8.055692954930021799e+00
8.571714285714286063e+00 8.153410462839728368e+00
8.816591836734692933e+00 8.250633826472828503e+00
9.061469387755101579e+00 8.344374097419223091e+00
9.306346938775510225e+00 8.437824656190219486e+00
9.551224489795918871e+00 8.526640559259023533e+00
9.796102040816325740e+00 8.613690066975211224e+00
1.004097959183673439e+01 8.698210174736951572e+00
1.028585714285714303e+01 8.785735321773714190e+00
1.053073469387755168e+01 8.866841779390464140e+00
1.077561224489795855e+01 8.944672155626408383e+00
1.102048979591836719e+01 9.021064317596072968e+00
1.126536734693877584e+01 9.097428512819197621e+00
1.151024489795918448e+01 9.170690869934629674e+00
1.175512244897959135e+01 9.242006295744767286e+00
1.200000000000000000e+01 9.313115323711985027e+00
